self.get_rope_func(**rope_index_kwargs_new)[0][0,0,27:187]
tensor([27, 27, 27, 27, 27, 27, 27, 27, 27, 27, 27, 27, 27, 27, 27, 27, 27, 27,
        27, 27, 29, 29, 29, 29, 29, 29, 29, 29, 29, 29, 29, 29, 29, 29, 29, 29,
        29, 29, 29, 29, 31, 31, 31, 31, 31, 31, 31, 31, 31, 31, 31, 31, 31, 31,
        31, 31, 31, 31, 31, 31, 33, 33, 33, 33, 33, 33, 33, 33, 33, 33, 33, 33,
        33, 33, 33, 33, 33, 33, 33, 33, 35, 35, 35, 35, 35, 35, 35, 35, 35, 35,
        35, 35, 35, 35, 35, 35, 35, 35, 35, 35, 37, 37, 37, 37, 37, 37, 37, 37,
        37, 37, 37, 37, 37, 37, 37, 37, 37, 37, 37, 37, 39, 39, 39, 39, 39, 39,
        39, 39, 39, 39, 39, 39, 39, 39, 39, 39, 39, 39, 39, 39, 41, 41, 41, 41,
        41, 41, 41, 41, 41, 41, 41, 41, 41, 41, 41, 41, 41, 41, 41, 41])

self.get_rope_func(**rope_index_kwargs)[0][0,0,27:187]
tensor([27, 27, 27, 27, 27, 27, 27, 27, 27, 27, 27, 27, 27, 27, 27, 27, 27, 27,
        27, 27, 31, 31, 31, 31, 31, 31, 31, 31, 31, 31, 31, 31, 31, 31, 31, 31,
        31, 31, 31, 31, 35, 35, 35, 35, 35, 35, 35, 35, 35, 35, 35, 35, 35, 35,
        35, 35, 35, 35, 35, 35, 39, 39, 39, 39, 39, 39, 39, 39, 39, 39, 39, 39,
        39, 39, 39, 39, 39, 39, 39, 39, 43, 43, 43, 43, 43, 43, 43, 43, 43, 43,
        43, 43, 43, 43, 43, 43, 43, 43, 43, 43, 47, 47, 47, 47, 47, 47, 47, 47,
        47, 47, 47, 47, 47, 47, 47, 47, 47, 47, 47, 47, 51, 51, 51, 51, 51, 51,
        51, 51, 51, 51, 51, 51, 51, 51, 51, 51, 51, 51, 51, 51, 55, 55, 55, 55,
        55, 55, 55, 55, 55, 55, 55, 55, 55, 55, 55, 55, 55, 55, 55, 55])